{"nbformat":4,"nbformat_minor":0,"metadata":{"colab":{"provenance":[],"authorship_tag":"ABX9TyMEYYBeE+fzQ1Vx5Kz6ysOr"},"kernelspec":{"name":"python3","display_name":"Python 3"},"language_info":{"name":"python"}},"cells":[{"cell_type":"code","execution_count":3,"metadata":{"colab":{"base_uri":"https://localhost:8080/"},"id":"JC6SvNY85RH4","executionInfo":{"status":"ok","timestamp":1701759258905,"user_tz":-480,"elapsed":366,"user":{"displayName":"秀厢","userId":"09075689132834913012"}},"outputId":"69485072-3ab3-4cbb-eaf0-98fc424ae6c9"},"outputs":[{"output_type":"stream","name":"stdout","text":["[[0.59666267 0.77079334]\n"," [0.23665379 0.86783808]]\n","[[0.59666267 0.77079334]\n"," [0.23665379 0.86783808]]\n","[[0.59666267 0.77079334]\n"," [0.23665379 0.86783808]]\n"]}],"source":["import numpy as np\n","# a = numpy.array(                [\n","#                     [[[0.4, 0.05], [2.95, 1.3]], [[4.8, 1.2], [1.65, 3.1]]],\n","#                     [[[1.45, 3.05], [2.25, 0.1]], [[0.45, 4.75], [1.5, 1.8]]],\n","#                     [[[1.5, 4.65], [1.35, 2.7]], [[2.0, 1.65], [2.05, 1.2]]],\n","#                 ])\n","# print(a.shape)\n","# print(a)\n","# b = numpy.transpose(a)\n","# print(b.shape)\n","# print(b)\n","# c = numpy.array([\n","#                     [[[0.4, 2.95], [0.05, 1.3]], [[4.8, 1.65], [1.2, 3.1]]],\n","#                     [[[1.45, 2.25], [3.05, 0.1]], [[0.45, 1.5], [4.75, 1.8]]],\n","#                     [[[1.5, 1.35], [4.65, 2.7]], [[2.0, 2.05], [1.65, 1.2]]],\n","#                 ])\n","# print(c.shape)\n","# print(c)\n","\n","\n","\n","\n","a = np.random.rand(2, 2)\n","print(a)\n","a/10\n","print(a)\n","np.divide(a, 10)\n","print(a)"]}]}